indicadores testados: 137 | descartados por >30% NaN: ['cfem_pc', 'deter_share_area', 'defeso_share', 'sanc_100k', 'mides_credores_pc', 'mides_valor_pc', 'share_pago_sancionado', 'share_credor_local', 'fef_montante_pc', 'fef_share_grave', 'comex_choque_pct', 'saude_share_terceirizado', 'sih_share_retencao', 'sih_valor_aih_mediano', 'mides_jaccard_credor', 'entrantes_share_sancionado', 'entrantes_share_nao_local', 'cfem_razao_2225_1721', 'ebt_nota', 'comex_hhi_sh4_2019']

N vira 703 LL 2661
vira margem22 p.p. quantis 10/25/50/75/90: [ 1.3  3.5  7.  11.5 15.2] | margem26: [-17.3 -13.   -8.3  -4.3  -1.7] | d_lula: [-13.2 -11.   -8.7  -6.5  -4.7]
LL margem22 p.p. quantis 10/25/50/75/90: [20.6 31.8 48.2 61.5 70.2] | margem26: [ 6.7 20.2 38.8 52.5 61.6] | d_lula: [-8.9 -6.5 -4.6 -3.  -1.7]
vira com |margem26|<5pp: 0.287 | <2pp: 0.115
vira com margem22<10pp: 0.67 | LL com margem22<10pp: 0.014
faixa de margem22 para LL comparável: 0.1 a 17.9 -> LL n = 182

=== top 40 por |d_rank| (vira vs LL) ===
                     var      med_a      med_b  d_rank   q  d_rank_faixa  q_faixa   lpm_b  lpm_q    dl_b   dl_q  dlnoUF_b  sobrevive
           nbf_share_dom     0.1193     0.3368 -1.5913 0.0       -0.7827   0.0000 -0.0401 0.0058  0.7010 0.0000    1.2723       True
               pdm_share     0.0080     0.0191 -1.5472 0.0       -0.8350   0.0000 -0.0666 0.0000  0.6519 0.0000    1.0800       True
c22_analfabetismo_15mais     0.0782     0.1815 -1.4262 0.0       -0.2338   0.0007 -0.0154 0.3508 -0.1311 0.4001    1.0553      False
               idhm_2010     0.6880     0.6000  1.3737 0.0        0.2929   0.0001  0.0138 0.3115  0.0636 0.6106   -0.6624      False
                ivs_2010     0.2930     0.4450 -1.3641 0.0       -0.5233   0.0000 -0.0384 0.0031  0.1017 0.3270    0.5103       True
                  pib_pc 31999.1006 13510.7805  1.3401 0.0        0.5611   0.0000  0.0035 0.8469 -0.8775 0.0000   -1.2756      False
        c22_share_branca     0.5007     0.2446  1.3225 0.0        0.7740   0.0000  0.0589 0.0009 -1.0713 0.0000   -0.8199       True
           pix_ticket_pf   194.7811   142.9927  1.2601 0.0        0.6924   0.0000  0.0549 0.0000 -1.0099 0.0000   -1.3580       True
                ivs_2000     0.4230     0.5940 -1.2571 0.0       -0.4050   0.0000 -0.0496 0.0001 -0.0404 0.6928    0.2680       True
         c22_share_parda     0.4091     0.6220 -1.2055 0.0       -0.6260   0.0000 -0.0412 0.0031  0.2751 0.0329    0.5604       True
              credito_pc 17595.0120  2198.8209  1.1206 0.0        1.0522   0.0000  0.0451 0.0030 -1.0906 0.0000   -1.4871       True
             formalidade     0.1672     0.0892  1.1139 0.0        0.2270   0.0010 -0.0059 0.6701 -0.5136 0.0000   -0.8021      False
  rais_emprego_formal_pc     0.1743     0.0930  1.0476 0.0        0.1906   0.0058 -0.0028 0.8469 -0.5106 0.0000   -0.6877      False
                cob_priv     6.0516     1.5099  1.0140 0.0       -0.0364   0.3278 -0.0049 0.8202 -0.1979 0.0808   -0.3468      False
               div_nomes     0.0363     0.0260  0.9664 0.0        0.9180   0.0000  0.0076 0.7746 -0.5069 0.0000   -0.9554      False
              credito_ha   199.8559    66.8987  0.9370 0.0        0.8165   0.0000  0.0280 0.0248 -0.6131 0.0000   -0.7279       True
        gd_por_domicilio     0.0683     0.0320  0.9349 0.0        0.6295   0.0000  0.0368 0.0009 -0.5321 0.0000   -0.6215       True
           obras_1000dom    34.0694    53.3333 -0.9017 0.0       -0.4852   0.0000  0.0018 0.9053  0.1453 0.0593    0.6234      False
              pix_pag_pc 62298.1158 43073.5568  0.8948 0.0        0.0643   0.5518  0.0134 0.2362 -0.6383 0.0000   -0.8526      False
      rais_share_publico     0.3117     0.5613 -0.8615 0.0       -0.0998   0.7332 -0.0036 0.8469  0.7578 0.0000    1.1676      False
             rais_div_64     0.0085     0.0033  0.8255 0.0        0.3522   0.0001  0.0194 0.1634 -0.4208 0.0000   -0.8556      False
           pbf_2019_2006     0.8593     1.2077 -0.8198 0.0       -0.5959   0.0000 -0.0230 0.0402  0.1919 0.0030    0.5297       True
             rais_div_84     0.2870     0.5294 -0.8063 0.0       -0.0492   0.9886 -0.0032 0.8469  0.6783 0.0000    1.1808      False
              rais_sec_O     0.2870     0.5294 -0.8063 0.0       -0.0492   0.9886 -0.0032 0.8469  0.6783 0.0000    1.1808      False
              rais_sec_K     0.0093     0.0035  0.8024 0.0        0.2799   0.0023  0.0182 0.1689 -0.3840 0.0000   -0.8510      False
              infec_100k   128.4469    95.5166  0.7857 0.0        0.0476   0.9886 -0.0062 0.6310  0.2018 0.0022   -0.0120      False
             rais_div_01     0.1004     0.0242  0.7635 0.0        0.6274   0.0000 -0.0195 0.0416 -0.5601 0.0000   -0.6907      False
              rais_sec_A     0.1195     0.0299  0.7563 0.0        0.6254   0.0000 -0.0201 0.0365 -0.5688 0.0000   -0.7150      False
        rais_hhi_divisao     0.2133     0.3610 -0.7562 0.0        0.1851   0.0205  0.0229 0.0550  0.6107 0.0000    1.1617      False
                gap_sexo     0.1012    -0.0628  0.7553 0.0        0.3453   0.0001  0.0189 0.0108 -0.3095 0.0000   -0.6829       True
  rais_share_estatutario     0.2358     0.4140 -0.7464 0.0        0.0221   0.5414 -0.0007 0.9491  0.5066 0.0000    0.6003      False
             rais_div_49     0.0134     0.0021  0.7425 0.0        0.0752   0.4182  0.0137 0.1562 -0.3485 0.0000   -0.6638      False
        rais_hhi_cbo_fem     0.0546     0.0866 -0.7309 0.0        0.2605   0.0194  0.0180 0.0550  0.2551 0.0000    0.4335      False
          c22_share_0a14     0.1878     0.2113 -0.7217 0.0       -0.3428   0.0047 -0.0026 0.8920 -0.1883 0.0445    0.2568      False
              share_agro     0.3220     0.1393  0.7156 0.0        0.8688   0.0000  0.0146 0.2659 -0.7742 0.0000   -0.9885      False
                     ibc    55.4800    44.5700  0.7083 0.0       -0.0427   0.5382  0.0022 0.8946  0.1805 0.0511    0.1089      False
                    ideb     6.1000     5.3000  0.6995 0.0        0.5713   0.0000  0.0266 0.0030 -0.2628 0.0001   -0.4023       True
              va_agro_ha   156.4853    53.1125  0.6943 0.0        0.3902   0.0000 -0.0057 0.6701 -0.2109 0.0188   -0.2847      False
         c22_share_preta     0.0698     0.0934 -0.6772 0.0       -0.6974   0.0000 -0.0479 0.0000  0.3770 0.0001    0.3947       True
              rais_sec_H     0.0191     0.0064  0.6767 0.0        0.0072   0.8766  0.0127 0.1232 -0.2158 0.0000   -0.5310      False

significativos univ q<.05: 123 | LPM q<.05: 34 | d_lula q<.05: 90 | sobrevivem: 24

=== top 25 por |t| LPM controlado ===
                   var      med_a      med_b  d_rank      q  d_rank_faixa  q_faixa   lpm_b  lpm_q    dl_b   dl_q  dlnoUF_b  sobrevive
             pdm_share     0.0080     0.0191 -1.5472 0.0000       -0.8350   0.0000 -0.0666 0.0000  0.6519 0.0000    1.0800       True
         pix_ticket_pf   194.7811   142.9927  1.2601 0.0000        0.6924   0.0000  0.0549 0.0000 -1.0099 0.0000   -1.3580       True
       c22_share_preta     0.0698     0.0934 -0.6772 0.0000       -0.6974   0.0000 -0.0479 0.0000  0.3770 0.0001    0.3947       True
      comercio_por_dom     0.1297     0.1476 -0.5509 0.0000       -0.0274   0.8983  0.0306 0.0001 -0.1064 0.0578    0.1153      False
             cresc_pop     0.0008    -0.0047  0.0842 0.2362       -0.1394   0.0998  0.0289 0.0001 -0.2234 0.0002   -0.0620      False
              ivs_2000     0.4230     0.5940 -1.2571 0.0000       -0.4050   0.0000 -0.0496 0.0001 -0.0404 0.6928    0.2680       True
        homic_juv_100k     0.0000     5.1263 -0.4959 0.0000       -0.4859   0.0000 -0.0320 0.0001 -0.0684 0.3286    0.1907       True
                 d_ivs    -0.1300    -0.1390  0.1031 0.0013       -0.0456   0.8581  0.0251 0.0005  0.1727 0.0011    0.2483       True
      c22_share_branca     0.5007     0.2446  1.3225 0.0000        0.7740   0.0000  0.0589 0.0009 -1.0713 0.0000   -0.8199       True
      gd_por_domicilio     0.0683     0.0320  0.9349 0.0000        0.6295   0.0000  0.0368 0.0009 -0.5321 0.0000   -0.6215       True
             rem_media  2543.0064  2288.7139  0.4783 0.0000        0.1533   0.0200  0.0276 0.0010 -0.1455 0.0136   -0.3474       True
                  ideb     6.1000     5.3000  0.6995 0.0000        0.5713   0.0000  0.0266 0.0030 -0.2628 0.0001   -0.4023       True
            credito_pc 17595.0120  2198.8209  1.1206 0.0000        1.0522   0.0000  0.0451 0.0030 -1.0906 0.0000   -1.4871       True
capital_social_mediano 30000.0000 35000.0000 -0.1638 0.0000       -0.0339   0.9015  0.0237 0.0031 -0.3762 0.0000   -0.3168      False
              ivs_2010     0.2930     0.4450 -1.3641 0.0000       -0.5233   0.0000 -0.0384 0.0031  0.1017 0.3270    0.5103       True
            homic_100k    12.8601    20.3314 -0.4635 0.0000       -0.3417   0.0004 -0.0240 0.0031 -0.0997 0.1670    0.1011       True
       c22_share_parda     0.4091     0.6220 -1.2055 0.0000       -0.6260   0.0000 -0.0412 0.0031  0.2751 0.0329    0.5604       True
         nbf_share_dom     0.1193     0.3368 -1.5913 0.0000       -0.7827   0.0000 -0.0401 0.0058  0.7010 0.0000    1.2723       True
            rais_sec_U     0.0000     0.0000 -0.0074 0.8253       -0.2272   0.0098 -0.0978 0.0059  0.5297 0.0012   -0.0074      False
         caged_pc_2020     1.7318     0.3072  0.2659 0.0000        0.2484   0.0040  0.0221 0.0085 -0.2729 0.0000   -0.3279       True
   cafir_ha_por_imovel   543.7535   534.7240  0.0353 0.6645       -0.1207   0.2092 -0.0230 0.0085 -0.1352 0.1008   -0.1909      False
        share_nome_top     0.1259     0.1759 -0.6295 0.0000        0.0378   0.6881 -0.0459 0.0108  0.5732 0.0000    1.2382       True
              gap_sexo     0.1012    -0.0628  0.7553 0.0000        0.3453   0.0001  0.0189 0.0108 -0.3095 0.0000   -0.6829       True
    caged_pc_2017_2021     9.2381     2.6495  0.6014 0.0000        0.2139   0.0021  0.0200 0.0233 -0.4250 0.0000   -0.5940       True
            credito_ha   199.8559    66.8987  0.9370 0.0000        0.8165   0.0000  0.0280 0.0248 -0.6131 0.0000   -0.7279       True

=== top 25 contínuo d_lula (UF FE) ===
                   var    dl_b  dl_q  dlnoUF_b    dm_b  dm_q  d_rank   lpm_b
            credito_pc -1.0906   0.0   -1.4871 -2.2041   0.0  1.1206  0.0451
         pix_ticket_pf -1.0099   0.0   -1.3580 -1.9951   0.0  1.2601  0.0549
                pib_pc -0.8775   0.0   -1.2756 -1.5731   0.0  1.3401  0.0035
            share_agro -0.7742   0.0   -0.9885 -1.6297   0.0  0.7156  0.0146
           rais_div_45 -0.5785   0.0   -0.8968 -1.1135   0.0  0.4355  0.0131
    caged_pc_2017_2021 -0.4250   0.0   -0.5940 -0.7484   0.0  0.6014  0.0200
    rais_share_publico  0.7578   0.0    1.1676  1.2053   0.0 -0.8615 -0.0036
           rais_div_46 -0.4716   0.0   -0.7497 -0.9426   0.0  0.6601  0.0148
            rais_sec_O  0.6783   0.0    1.1808  1.0932   0.0 -0.8063 -0.0032
           rais_div_84  0.6783   0.0    1.1808  1.0932   0.0 -0.8063 -0.0032
      c22_razao_homens -0.5745   0.0   -0.5807 -1.0880   0.0  0.2826  0.0177
      c22_share_branca -1.0713   0.0   -0.8199 -1.9578   0.0  1.3225  0.0589
          agro_1000dom -0.6027   0.0   -0.7991 -1.2766   0.0  0.2620  0.0254
         log_densidade  0.7861   0.0    0.7212  1.6523   0.0 -0.2184 -0.0217
            rais_sec_A -0.5688   0.0   -0.7150 -1.1454   0.0  0.7563 -0.0201
            credito_ha -0.6131   0.0   -0.7279 -1.1983   0.0  0.9370  0.0280
           rais_div_01 -0.5601   0.0   -0.6907 -1.1274   0.0  0.7635 -0.0195
      rais_hhi_divisao  0.6107   0.0    1.1617  0.9891   0.0 -0.7562  0.0229
rais_share_estatutario  0.5066   0.0    0.6003  0.8097   0.0 -0.7464 -0.0007
            pix_pag_pc -0.6383   0.0   -0.8526 -1.0781   0.0  0.8948  0.0134
         caged_pc_2020 -0.2729   0.0   -0.3279 -0.5045   0.0  0.2659  0.0221
      c22_share_60mais  0.5705   0.0   -0.1330  0.8890   0.0  0.6732 -0.0130
            autos_100k -0.5002   0.0   -0.1699 -0.9635   0.0  0.0997  0.0006
           rais_div_53  0.2852   0.0    0.2467  0.4963   0.0 -0.2200 -0.0086
           rais_div_49 -0.3485   0.0   -0.6638 -0.5782   0.0  0.7425  0.0137
