AUC só log_pop+UF: 0.906
AUC base (margem22+log_pop+UF): 0.990
AUC só indicadores (EN): 0.931
AUC só indicadores+log_pop+UF (EN): 0.925
AUC base+indicadores (EN): 0.990
AUC base (CV espacial reg. imediata): 0.989
AUC base+indicadores (EN, CV espacial): 0.990
AUC só indicadores+log_pop+UF (EN, CV espacial): 0.924

lasso (base+indicadores) selecionou 78 indicadores; top 20:
 c22_share_branca          0.863
c22_share_60mais         -0.773
nbf_share_dom            -0.745
log_densidade            -0.563
c22_share_preta          -0.500
templos_1000dom          -0.299
credito_pc                0.276
pdm_share                -0.275
rais_hhi_cbo_fem          0.228
capital_social_mediano    0.209
idhm_2010                -0.198
rais_sec_S               -0.195
rais_div_42               0.193
ivs_2000                  0.193
rais_sec_J               -0.192
rais_div_69               0.189
rais_div_46               0.185
autos_100k                0.179
saude_1000dom            -0.172
rais_sec_K                0.171

d_lula (n=5570): média -5.92 dp 3.30
R² CV só UF: 0.37 | base (plula22+log_pop+UF): 0.448 | base+indicadores EN: 0.582 | idem CV espacial: 0.553 | base CV espacial: 0.427
R² CV indicadores sem UF (EN): 0.46

pares |rho|>=0.6 entre sobreviventes:
  ivs_2010 ~ ivs_2000: 0.93
  c22_share_branca ~ c22_share_parda: -0.92
  nbf_share_dom ~ pdm_share: 0.89
  nbf_share_dom ~ ivs_2010: 0.86
  nbf_share_dom ~ ivs_2000: 0.83
  pdm_share ~ ivs_2010: 0.82
  pdm_share ~ ivs_2000: 0.80
  pdm_share ~ c22_share_branca: -0.80
  c22_share_branca ~ ivs_2000: -0.79
  nbf_share_dom ~ c22_share_branca: -0.78
  ivs_2010 ~ c22_share_branca: -0.78
  ivs_2000 ~ c22_share_parda: 0.78
  nbf_share_dom ~ c22_share_parda: 0.77
  ivs_2010 ~ c22_share_parda: 0.76
  homic_juv_100k ~ homic_100k: 0.76
  pdm_share ~ c22_share_parda: 0.75
  nbf_share_dom ~ pix_ticket_pf: -0.73
  pdm_share ~ pix_ticket_pf: -0.71
  ivs_2010 ~ pix_ticket_pf: -0.68
  credito_pc ~ credito_ha: 0.68
  c22_share_branca ~ c22_share_preta: -0.67
  pix_ticket_pf ~ ivs_2000: -0.65
  c22_share_branca ~ pix_ticket_pf: 0.64
  pdm_share ~ ideb: -0.63
  caged_pc_2017_2021 ~ caged_pc_2020: 0.62
  nbf_share_dom ~ pbf_2019_2006: 0.62
  c22_share_branca ~ credito_ha: 0.61

=== CNAE/RAIS (vira vs LL) ===
                   var  med_a  med_b  d_rank      q  d_rank_faixa  q_faixa   lpm_b  lpm_q    dl_b   dl_q  dlnoUF_b
rais_emprego_formal_pc 0.1743 0.0930  1.0476 0.0000        0.1906   0.0058 -0.0028 0.8469 -0.5106 0.0000   -0.6877
    rais_share_publico 0.3117 0.5613 -0.8615 0.0000       -0.0998   0.7332 -0.0036 0.8469  0.7578 0.0000    1.1676
           rais_div_64 0.0085 0.0033  0.8255 0.0000        0.3522   0.0001  0.0194 0.1634 -0.4208 0.0000   -0.8556
            rais_sec_O 0.2870 0.5294 -0.8063 0.0000       -0.0492   0.9886 -0.0032 0.8469  0.6783 0.0000    1.1808
            rais_sec_K 0.0093 0.0035  0.8024 0.0000        0.2799   0.0023  0.0182 0.1689 -0.3840 0.0000   -0.8510
           rais_div_01 0.1004 0.0242  0.7635 0.0000        0.6274   0.0000 -0.0195 0.0416 -0.5601 0.0000   -0.6907
            rais_sec_A 0.1195 0.0299  0.7563 0.0000        0.6254   0.0000 -0.0201 0.0365 -0.5688 0.0000   -0.7150
      rais_hhi_divisao 0.2133 0.3610 -0.7562 0.0000        0.1851   0.0205  0.0229 0.0550  0.6107 0.0000    1.1617
rais_share_estatutario 0.2358 0.4140 -0.7464 0.0000        0.0221   0.5414 -0.0007 0.9491  0.5066 0.0000    0.6003
           rais_div_49 0.0134 0.0021  0.7425 0.0000        0.0752   0.4182  0.0137 0.1562 -0.3485 0.0000   -0.6638
      rais_hhi_cbo_fem 0.0546 0.0866 -0.7309 0.0000        0.2605   0.0194  0.0180 0.0550  0.2551 0.0000    0.4335
            rais_sec_H 0.0191 0.0064  0.6767 0.0000        0.0072   0.8766  0.0127 0.1232 -0.2158 0.0000   -0.5310
           rais_div_46 0.0152 0.0026  0.6601 0.0000        0.1511   0.1060  0.0148 0.1634 -0.4716 0.0000   -0.7497
            rais_sec_C 0.0810 0.0249  0.6072 0.0000        0.0396   0.9119  0.0018 0.8920 -0.3349 0.0000   -0.3626
           rais_div_25 0.0011 0.0000  0.5644 0.0000       -0.1196   0.2578  0.0150 0.2735 -0.1658 0.0170   -0.4439
           rais_div_14 0.0000 0.0000  0.4756 0.0000        0.0090   0.7474  0.0126 0.2645 -0.0384 0.6187   -0.1756
           rais_div_28 0.0000 0.0000  0.4637 0.0000       -0.1192   0.0543  0.0161 0.5183 -0.0713 0.3505   -0.3049
           rais_div_10 0.0121 0.0039  0.4576 0.0000       -0.1004   0.1712 -0.0010 0.9214 -0.1981 0.0001   -0.2288
           rais_div_43 0.0043 0.0006  0.4567 0.0000       -0.1201   0.3650  0.0020 0.8469 -0.2361 0.0000   -0.4996
           rais_div_45 0.0074 0.0030  0.4355 0.0000       -0.1390   0.1371  0.0131 0.2735 -0.5785 0.0000   -0.8968
           rais_div_56 0.0090 0.0025  0.4338 0.0000       -0.2731   0.0022 -0.0111 0.2478 -0.2132 0.0002   -0.3848
           rais_div_52 0.0000 0.0000  0.4172 0.0000       -0.1875   0.0306  0.0160 0.2735 -0.1974 0.0012   -0.5257
           rais_div_33 0.0000 0.0000  0.4135 0.0000       -0.1345   0.0551  0.0234 0.0439 -0.3393 0.0000   -0.5376
           rais_div_69 0.0065 0.0042  0.4042 0.0000        0.0270   0.5863  0.0112 0.1977 -0.1701 0.0002   -0.5358
           rais_div_94 0.0065 0.0037  0.3933 0.0000       -0.0365   0.7134 -0.0126 0.1520  0.0372 0.4628   -0.2220
            rais_sec_I 0.0112 0.0042  0.3814 0.0000       -0.3104   0.0006 -0.0137 0.1520 -0.2156 0.0002   -0.3663
            rais_sec_G 0.1504 0.1171  0.3631 0.0000       -0.0208   0.5863  0.0007 0.9491 -0.2838 0.0000   -0.5567
            rais_sec_S 0.0090 0.0056  0.3458 0.0000       -0.1509   0.0627 -0.0151 0.0778  0.0195 0.6944   -0.2569
           rais_div_81 0.0000 0.0000  0.3181 0.0000       -0.2891   0.0015  0.0016 0.9214  0.0566 0.4122   -0.0610
            rais_sec_D 0.0000 0.0000  0.3073 0.0000       -0.1190   0.0781  0.0046 0.8202 -0.1561 0.0079   -0.3661
           rais_div_20 0.0000 0.0000  0.2945 0.0000       -0.1878   0.0120  0.0225 0.1066  0.0235 0.7124    0.0268
            rais_sec_M 0.0103 0.0070  0.2855 0.0000       -0.1919   0.0302  0.0066 0.4860 -0.1970 0.0001   -0.4847
           rais_div_80 0.0000 0.0000  0.2678 0.0000       -0.2572   0.0053 -0.0009 0.9491 -0.1146 0.1273   -0.4900
            rais_sec_Q 0.0120 0.0053  0.2662 0.0000       -0.2391   0.0102  0.0027 0.8315 -0.2282 0.0001   -0.6430
           rais_div_29 0.0000 0.0000  0.2485 0.0000       -0.3034   0.0003  0.0052 0.8581  0.0368 0.6197   -0.1164
           rais_div_53 0.0019 0.0021 -0.2200 0.0000       -0.2440   0.0072 -0.0086 0.2102  0.2852 0.0000    0.2467
           rais_div_86 0.0080 0.0044  0.2116 0.0000       -0.2544   0.0063  0.0021 0.8469 -0.2530 0.0000   -0.6667
            rais_sec_L 0.0000 0.0000  0.2087 0.0000       -0.3930   0.0000 -0.0036 0.8469 -0.1038 0.1480   -0.2012
           rais_div_47 0.1148 0.1015  0.1953 0.0000       -0.0973   0.2267 -0.0023 0.8469 -0.1379 0.0136   -0.3316
           rais_div_93 0.0000 0.0000  0.1900 0.0000       -0.4444   0.0000 -0.0041 0.8202 -0.0422 0.5348   -0.1529
           rais_div_71 0.0000 0.0000  0.1888 0.0000       -0.2516   0.0021  0.0112 0.2392 -0.1449 0.0070   -0.2522
           rais_div_22 0.0000 0.0000  0.1876 0.0000       -0.2862   0.0002  0.0120 0.4993  0.1232 0.0698    0.1602
            rais_sec_N 0.0114 0.0073  0.1821 0.0000       -0.2867   0.0015 -0.0023 0.8469 -0.1185 0.0353   -0.2400
            rais_sec_R 0.0000 0.0000  0.1760 0.0000       -0.4468   0.0000 -0.0029 0.8469 -0.0311 0.6375   -0.1467
           rais_div_61 0.0018 0.0026 -0.1728 0.0005       -0.3022   0.0004  0.0071 0.3406 -0.1012 0.0327   -0.0642
           rais_div_82 0.0059 0.0039  0.1722 0.0000       -0.2663   0.0016  0.0010 0.9214 -0.0955 0.0808   -0.2846
           rais_div_41 0.0038 0.0045 -0.1378 0.0059       -0.4029   0.0000 -0.0040 0.5849 -0.0112 0.8040    0.0639
           rais_div_55 0.0010 0.0000  0.1360 0.0001       -0.3211   0.0005 -0.0148 0.1520 -0.2098 0.0001   -0.2933
           rais_div_42 0.0023 0.0011  0.1334 0.0003       -0.0321   0.5863  0.0095 0.1992 -0.1579 0.0002   -0.2637
           rais_div_15 0.0000 0.0000  0.1307 0.0003       -0.1756   0.0234 -0.0095 0.6055 -0.0554 0.5126   -0.3557
            rais_sec_B 0.0000 0.0000  0.1170 0.0004       -0.0775   0.3505 -0.0082 0.4118 -0.1955 0.0005   -0.3188
            rais_sec_J 0.0029 0.0036 -0.1051 0.0475       -0.3563   0.0001  0.0020 0.8469 -0.0603 0.2452   -0.1070
           rais_div_23 0.0014 0.0000  0.1037 0.0006       -0.1880   0.0220 -0.0002 0.9746 -0.1907 0.0001   -0.2500
            rais_sec_F 0.0171 0.0141  0.0952 0.0068       -0.1636   0.0693  0.0011 0.8946 -0.1250 0.0021   -0.1910
           rais_div_62 0.0000 0.0000  0.0946 0.0152       -0.4461   0.0000 -0.0170 0.2102  0.0628 0.3366   -0.0833
            rais_sec_E 0.0002 0.0000  0.0882 0.0018       -0.2076   0.0417  0.0068 0.4204  0.0739 0.1613    0.1458
           rais_div_96 0.0008 0.0000  0.0787 0.0013       -0.3888   0.0001 -0.0044 0.6701 -0.1300 0.0110   -0.3579
           rais_div_77 0.0000 0.0000  0.0441 0.1610       -0.3743   0.0000 -0.0030 0.8202 -0.2630 0.0000   -0.2103
            rais_sec_P 0.0032 0.0028  0.0177 0.3957       -0.5274   0.0000 -0.0105 0.2735 -0.1062 0.0474   -0.3714
           rais_div_78 0.0000 0.0000 -0.0146 0.7436       -0.3420   0.0000 -0.0129 0.2827 -0.0046 0.9421   -0.0465

=== UF ===
                   LL  vira   taxa    n  pflavio    pdir  plula26  plula22  d_lula  flavio_sobre_dir
nome_regiao  uf                                                                                    
Sudeste      MG  452   175  0.279  853   44.819  46.928   48.095   54.736  -6.642             0.955
Sul          RS   42   132  0.759  497   60.925  63.042   31.661   40.810  -9.149             0.966
             PR   48    91  0.655  399   57.624  59.552   35.757   42.939  -7.182             0.968
Sudeste      SP   39    88  0.693  645   59.021  61.342   33.836   38.889  -5.053             0.962
Centro-Oeste GO   28    68  0.708  246   50.992  52.004   34.290   45.274 -10.984             0.981
Norte        TO   84    37  0.306  139   44.511  45.481   50.273   58.454  -8.181             0.979
Sul          SC    5    27  0.844  295   66.836  69.310   25.891   32.839  -6.947             0.964
Norte        PA   91    16  0.150  144   43.422  44.702   52.338   56.347  -4.010             0.971
Centro-Oeste MS    6    15  0.714   79   57.014  58.673   37.772   43.984  -6.211             0.972
             MT    9    14  0.609  141   65.394  66.721   29.978   36.276  -6.298             0.980
Sudeste      RJ    9    13  0.591   92   55.953  58.029   37.166   40.410  -3.243             0.964
Nordeste     AL   86     8  0.085  102   33.257  34.452   62.879   65.920  -3.040             0.965
Sudeste      ES   14     7  0.333   78   55.336  57.313   38.421   42.250  -3.829             0.966
Norte        AM   54     3  0.053   62   34.637  35.639   60.795   65.705  -4.910             0.972
Nordeste     MA  211     3  0.014  217   27.281  28.492   68.771   74.590  -5.819             0.957
             BA  413     2  0.005  417   26.146  27.216   69.708   73.991  -4.283             0.961
Norte        AC    3     1  0.250   22   63.064  64.259   32.123   34.155  -2.032             0.981
Nordeste     RN  165     1  0.006  167   28.609  29.949   66.883   71.243  -4.360             0.955
Norte        AP   12     1  0.077   16   42.781  44.694   50.256   54.181  -3.925             0.957
Nordeste     CE  183     1  0.005  184   25.639  27.176   70.051   74.270  -4.219             0.943
             PB  223     0  0.000  223   24.713  26.052   70.892   74.875  -3.983             0.949
             PE  184     0  0.000  185   23.840  25.130   71.561   74.984  -3.424             0.949
             SE   75     0  0.000   75   26.407  27.605   68.236   70.603  -2.367             0.957
             PI  224     0  0.000  224   20.025  21.168   76.014   80.293  -4.279             0.946
Norte        RR    1     0  0.000   15   67.280  68.607   28.413   30.240  -1.827             0.981

=== região ===
 grupo           LL  vira   taxa
nome_regiao                    
Centro-Oeste    43    97  0.693
Nordeste      1764    15  0.008
Norte          245    58  0.191
Sudeste        514   283  0.355
Sul             95   250  0.725
